4294967279,346
4294967294,416
4294967279,262
4294967279,280
13,0
12,2
4294967279,439
4294967279,441
7,4
4294967278,354
12,11
12,4
11,337
11,336
4294967279,417
13,2
4294967278,532
13,27
13,26
13,25
13,21
13,20
13,23
13,15
4294967279,411
13,18
4294967278,531
4294967279,340
4294967278,530
11,127
11,126
11,125
4294967279,339
4294967278,529
4294967278,561
4294967278,527
4294967279,336
11,167
11,2
4294967279,360
4294967279,307
4294967278,249
4294967279,304
4294967279,425
4294967278,556
4294967278,382
4294967279,440
4294967278,361
4294967278,228
4294967279,384
4294967279,424
4294967278,377
4294967279,267
4294967279,409
4294967279,394
4294967279,405
4294967278,376
4294967278,375
4294967278,353
4294967278,521
4294967279,438
4294967279,323
4294967278,206
4294967279,321
4294967278,360
4294967294,5
12,7
9,6
4294967279,319
4294967278,359
4294967294,1015
3,6
13,5
2,4
2,5
4294967279,318
13,9
3,4
4294967278,332
3,5
4294967279,437
4294967278,373
4294967279,316
4294967278,549
4294967279,315
4294967294,6
34,2
4294967279,404
4294967279,312
4294967279,410
4294967279,0
4294967278,195
4294967279,416
4294967278,358
4294967279,290
4294967279,414
4294967279,306
4294967278,372
4294967279,189
4294967278,371
4294967279,408
4294967278,333
4294967294,1421
13,4
4294967279,436
4294967294,83
12,9
13,17
13,12
12,10
12,8
12,5
13,24
13,10
7,5
6,4
6,5
5,4
13,16
6,6
5,6
4294967278,0
13,19
13,6
86,6
4294967279,403
4294967279,435
4294967294,1007
4294967294,998
4294967294,201
4294967294,195
4294967294,193
4294967294,1014
4294967294,1010
4294967294,1005
4294967294,1003
4294967294,1000
4294967294,996
4294967294,528
4294967294,419
4294967294,391
4294967294,188
4294967294,182
4294967294,179
4294967294,173
4294967294,170
4294967294,163
4294967294,11
4294967294,81
4294967278,132
4294967278,131
4294967278,130
4294967278,129
4294967278,128
4294967278,127
4294967278,126
4294967278,125
4294967278,124
4294967278,123
4294967278,122
4294967278,121
4294967278,120
4294967278,119
4294967278,118
4294967278,117
4294967278,116
4294967278,115
4294967278,114
4294967278,113
4294967278,112
4294967278,111
4294967278,110
4294967278,109
4294967278,108
4294967278,107
4294967278,106
4294967278,105
4294967278,104
4294967278,103
4294967278,102
4294967278,101
4294967278,100
4294967278,99
4294967278,98
4294967278,97
4294967278,96
4294967278,95
4294967278,94
4294967278,93
4294967278,92
4294967278,91
4294967278,90
4294967278,89
4294967278,87
4294967278,86
4294967278,85
4294967278,84
4294967278,83
4294967278,82
4294967278,81
4294967278,80
4294967278,79
4294967278,78
4294967278,77
4294967278,76
4294967278,75
4294967278,74
4294967278,73
4294967278,72
4294967278,71
4294967278,70
4294967278,69
4294967278,68
4294967278,67
4294967278,66
4294967278,65
4294967278,64
4294967279,86
4294967279,82
4294967279,81
4294967279,79
4294967279,76
4294967279,74
4294967279,67
4294967279,64
4294967279,260
4294967279,59
4294967279,55
4294967279,51
4294967279,50
4294967279,48
4294967279,43
4294967279,37
4294967279,36
4294967279,34
4294967279,32
4294967279,28
4294967279,24
4294967279,21
4294967279,19
4294967279,17
4294967279,16
4294967279,14
4294967279,11
4294967279,9
4294967279,8
4294967279,7
4294967279,6
4294967279,5
4294967279,4
4294967278,296
4294967294,75
4294967278,294
82,4
4294967278,381
54,4
33,4
4294967279,289
78,4
54,5
4294967279,357
79,4
35,4
4294967294,474
4294967278,539
4294967279,421
0,5
4294967294,198
4294967294,197
4294967294,194
4294967294,192
4294967294,1013
4294967294,1012
4294967294,1006
4294967294,1002
4294967294,997
4294967294,995
4294967294,161
4294967294,93
4294967294,95
4294967278,357
4294967294,52
4294967294,50
4294967294,473
4294967294,92
4294967294,88
4294967294,67
4294967294,204
4294967279,165
11,124
4294967278,546
4294967278,544
4294967279,382
4294967278,339
4294967278,326
4294967279,402
4294967294,1427
4294967279,349
4294967278,344
4294967278,323
4294967278,380
4294967294,12
4294967294,1414
4294967294,68
4294967293,131
4294967293,130
4294967293,129
4294967293,128
4294967293,127
4294967293,126
4294967293,125
4294967293,124
4294967293,123
4294967293,122
4294967293,121
4294967293,120
4294967293,119
4294967293,118
4294967293,117
4294967293,116
4294967293,115
4294967293,114
4294967293,113
4294967293,112
4294967293,111
4294967293,110
4294967293,109
4294967293,108
4294967293,107
4294967293,106
4294967293,105
4294967293,104
4294967293,103
4294967293,102
4294967293,101
4294967293,100
4294967293,99
4294967293,98
4294967293,97
4294967293,96
4294967293,95
4294967293,94
4294967293,93
4294967293,92
4294967293,91
4294967293,90
4294967293,89
4294967293,87
4294967293,86
4294967293,85
4294967293,84
4294967293,83
4294967293,82
4294967293,81
4294967293,80
4294967293,79
4294967293,78
4294967293,77
4294967293,76
4294967293,75
4294967293,74
4294967293,73
4294967293,72
4294967293,71
4294967293,70
4294967293,69
4294967293,68
4294967293,67
4294967293,66
4294967293,65
4294967293,64
4294967293,63
4294967293,62
4294967293,61
4294967293,60
4294967293,59
4294967293,58
4294967293,57
4294967293,56
4294967293,55
4294967293,54
4294967293,53
4294967293,52
4294967293,51
4294967293,50
4294967293,49
4294967293,48
4294967293,47
4294967293,46
4294967293,45
4294967293,44
4294967293,43
4294967293,42
4294967293,41
4294967293,40
4294967293,39
4294967293,38
4294967293,37
4294967293,36
4294967293,35
4294967293,34
4294967293,33
4294967293,32
4294967293,31
4294967293,30
4294967293,29
4294967293,28
4294967293,27
4294967293,26
4294967293,25
4294967293,24
4294967293,23
4294967293,22
4294967293,21
4294967293,20
4294967293,19
4294967293,18
4294967293,17
4294967293,16
4294967293,15
4294967293,14
4294967293,13
4294967293,12
4294967293,11
4294967293,10
4294967293,9
4294967293,8
4294967293,7
4294967293,6
4294967293,5
4294967293,4
4294967293,3
4294967278,379
4294967278,347
4294967278,537
4294967278,378
4294967279,117
4294967279,116
4294967279,115
4294967279,114
4294967279,113
4294967279,112
4294967279,111
4294967279,110
4294967279,109
4294967279,108
4294967279,107
4294967279,106
4294967279,105
